103,805,1,1-90-10-13-94,103-104-105-106-107-108-109-110-9057-9059-9061-9063-9065-9067-9069-1001-1003-1005-1007-1009-1325-1327-1329-1331-9441-9439-9437-805,4731,93.52
103,805,2,1-9-4-13-94,103-104-105-106-107-108-109-110-111-927-925-923-921-439-441-443-1321-1323-1325-1327-1329-1331-9441-9439-9437-805,4653,94.93
103,805,3,1-4-13-94,103-104-105-106-107-108-109-110-111-112-113-114-115-453-451-449-447-445-443-1321-1323-1325-1327-1329-1331-9441-9439-9437-805,4888,94.97
103,805,4,1-2-13-94,103-104-105-106-107-108-109-110-111-112-113-114-204-203-202-201-1321-1323-1325-1327-1329-1331-9441-9439-9437-805,4804,95.57
103,805,5,1-90-10-8,103-104-105-106-107-108-109-110-9057-9059-9061-9063-9065-9067-9069-1001-1003-1005-1007-1009-1011-1013-1015-1017-829-827-825-823-821-819-817-815-813-811-809-807-805,5489,98.73
103,805,6,1-2-8,103-104-105-106-107-108-109-110-111-112-113-114-204-203-202-201-218-217-835-833-831-829-827-825-823-821-819-817-815-813-811-809-807-805,5507,99.37
103,805,7,1-2-4-13-94,103-104-105-106-107-108-109-110-111-112-113-114-204-205-206-455-453-451-449-447-445-443-1321-1323-1325-1327-1329-1331-9441-9439-9437-805,5196,102.35
103,805,8,1-9-4-10-13-94,103-104-105-106-107-108-109-110-111-927-925-923-921-439-437-435-433-1005-1007-1009-1325-1327-1329-1331-9441-9439-9437-805,4978,104.76
103,805,9,1-90-10-13-8,103-104-105-106-107-108-109-110-9057-9059-9061-9063-9065-9067-9069-1001-1003-1005-1007-1009-1325-1327-1329-1331-1333-1335-1337-813-811-809-807-805,5522,106.20
103,805,10,1-90-10-4-13-94,103-104-105-106-107-108-109-110-9057-9059-9061-9063-9065-9067-9069-1001-1003-1005-433-435-437-439-441-443-1321-1323-1325-1327-1329-1331-9441-9439-9437-805,5473,106.97
