9439,805,1,8,9439-9437-805,215,3.58
9439,805,2,94-13-8,9439-9441-1331-1333-1335-1337-813-811-809-807-805,3086,72.43
9439,805,3,94-13-10-8,9439-9441-1331-1329-1327-1325-1009-1011-1013-1015-1017-829-827-825-823-821-819-817-815-813-811-809-807-805,5263,113.55
9439,805,4,94-13-10-8,9439-9441-1331-1333-1335-1337-1339-1341-1343-1345-1023-1021-1019-1017-829-827-825-823-821-819-817-815-813-811-809-807-805,6176,128.27
9439,805,5,94-13-2-8,9439-9441-1331-1329-1327-1325-1323-1321-201-218-217-835-833-831-829-827-825-823-821-819-817-815-813-811-809-807-805,6288,132.97
9439,805,6,94-13-5-10-8,9439-9441-1331-1333-1335-1337-1339-527-529-531-533-535-537-1021-1019-1017-829-827-825-823-821-819-817-815-813-811-809-807-805,6294,135.90
9439,805,7,94-13-4-2-8,9439-9441-1331-1329-1327-1325-1323-1321-443-201-218-217-835-833-831-829-827-825-823-821-819-817-815-813-811-809-807-805,6348,135.97
9439,805,8,94-13-5-15-8,9439-9441-1331-1333-1335-1337-1339-527-529-531-533-1535-1533-1531-825-823-821-819-817-815-813-811-809-807-805,6239,142.48
9439,805,9,94-13-2-8,9439-9441-1331-1333-1335-1337-1339-1341-1343-1345-1347-1349-1351-214-215-216-217-835-833-831-829-827-825-823-821-819-817-815-813-811-809-807-805,7081,143.68
9439,805,10,94-13-4-10-8,9439-9441-1331-1329-1327-1325-1323-1321-443-441-439-437-435-433-1005-1007-1009-1011-1013-1015-1017-829-827-825-823-821-819-817-815-813-811-809-807-805,6850,145.17
9439,805,11,94-13-10-13-8,9439-9441-1331-1329-1327-1325-1009-1011-1013-1015-1017-1019-1021-1023-1345-1343-1341-1339-1337-813-811-809-807-805,6541,148.18
9439,805,12,94-13-15-8,9439-9441-1331-1333-1335-1337-1339-1341-1343-1539-1537-1535-1533-1531-825-823-821-819-817-815-813-811-809-807-805,6906,152.10
9439,805,13,94-13-10-5-13-8,9439-9441-1331-1329-1327-1325-1009-1011-1013-1015-1017-1019-1021-537-535-533-531-529-527-1339-1337-813-811-809-807-805,6636,154.93
